00010000
00000000
00000000
00000000
00000000
00000000
00000000
00000000
00000000
00000000
00000000
00000000
00000010
00000010
00000000
00000000
11001010
00001010
10001010
10001010
11001010
10001010
11001010
11001010
01001000
00001000
00001010
00001010
00001010
00001010
00001010
00001010
00100000
00100000
00100000
00100000
00100000
00100000
00100000
00100000
10100000
00100000
00100000
01100000
00101010
00100010
00100000
00100000
00101000
00101000
00101000
00101000
00101000
00101000
00101000
00101000
00101000
10101000
01101000
00101000
00100000
00100010
00101000
00101000
01000000
01000000
01000000
01000000
01000000
01000000
01000000
01000000
01000000
11000000
01100010
01000000
01000010
01101000
01000000
01000000
00001010
00001000
00001010
00001010
00001010
00001010
00001000
00001000
10001000
00001000
01001000
01001000
01001010
01001010
01001000
01001000
00000010
00100000
01000010
01000010
00000010
01000010
00000010
00000010
01100000
01100000
01000010
00001010
01100010
01001010
01100000
01100000
10100010
00100010
01000010
01000010
10100010
01000010
00100010
00100010
01101000
01101000
00101000
01101000
01000010
01100010
01101000
01101000
10000000
10000000
10000000
10000000
10000000
10000000
10000000
10000000
10001010
10000000
10000000
10100010
10001000
10000010
10000000
10000000
00001010
00001010
00001010
00001010
01001010
01001010
01001010
01001010
11001000
11001000
10001010
10001010
11001010
11001010
11001010
11001010
00100000
00100000
00100000
00100000
10100000
10100000
10100000
10100000
10100000
11000010
10100000
11000010
11100010
11100010
11100000
11100000
00101000
00101000
00101000
00101000
10101000
10101000
10101000
10101000
10101000
11100010
11101000
10101000
11100000
11100010
11101000
11101000
11001010
11000000
01000000
01000000
01000000
01000000
11000000
11000000
01001010
11100010
11000000
11100010
11001000
11000010
11000000
11000000
10001000
10001000
00001000
00001000
00001000
00001000
10001010
10001010
00001000
10001000
11001000
11001010
10001010
10001010
10001010
10001010
10000010
10000010
01000010
01000010
01000010
01000010
10000010
10000010
10100000
10000010
11000010
10000010
10101000
10001000
10000010
10000010
10101000
10101000
11101000
11101000
11101000
11101000
00100010
00100010
10100010
10000010
10101000
11101000
00100000
00100010
00100010
00100010
00000000
00000000
00000000
00000000
00000000
00000000
00100010
00000000
00000000
00000000
10100010
00000000
00000010
00000010
00000000
00000000
11001010
00001010
10001010
10001010
11001010
10001010
11001000
11001010
01001000
01001000
10001010
10001010
10001010
10001010
10001010
10001010
00100000
00100000
00100000
00100000
00100000
00100000
10000010
00100000
10100000
00100000
10000010
11100000
10101000
10100010
10100000
10100000
00101000
00101000
00101000
00101000
00101000
00101000
10000010
00101000
00101000
10101000
11101000
10101000
10000010
10100010
10101000
10101000
01000000
01000000
01000000
01000000
01000000
01000000
01000000
11000000
01000000
11000000
11000000
11000000
11000010
11000010
11000000
11000000
00001010
00001000
00001010
00001010
00001010
00001010
00001010
10001000
10001000
00001000
11001010
11001010
10001010
10001010
10001010
10001010
00000010
00100000
01000010
01000010
00000010
01000010
00000010
10000010
00100000
01100000
11000010
10001010
11000010
11001010
11000010
11000010
10100010
00100010
01000010
01000010
10100010
01000010
10100010
00101000
00101000
01100010
10001010
11000010
11000010
11100010
11000010
11000010
00100010
10000000
10000000
10000000
10000000
10000000
00100010
00100010
10000000
10000000
00100010
10000000
10000010
10000010
10000000
10000000
01001000
01001000
01001000
01001000
00001010
00001010
01001000
01001000
11001000
11001000
00001010
00001010
00001010
00001010
00001010
00001010
00000010
00100000
00100000
00100000
00100000
00100000
00000010
00000010
00100000
10100000
00000010
01100000
00101000
00100010
00100000
00100000
00000010
00101000
00101000
00101000
00101000
00101000
00000010
00000010
10101000
00101000
01101000
00101000
00000010
00100010
00101000
00101000
11000000
10001010
10001010
10001010
11001010
01000000
01000000
01000000
00001010
01100010
10000000
10100010
11001000
01101000
11001010
11001010
10001010
10000010
10000010
10000010
10001000
00001000
00001000
00001000
10000010
10001000
10001000
10001000
10000000
10000010
10001000
10001000
10000010
00100000
00100000
00100000
10000010
01000010
01000010
01000010
00000010
10000010
11000010
10000010
10101000
10001000
10000010
10000010
00100010
00100010
00100010
00100010
10101000
11101000
11101000
11101000
00101000
10000010
10101000
11101000
00100000
00100010
10101000
10101000
00000000
00000000
00000000
00000000
00000000
00000000
00000000
00000000
00000000
00000000
00000000
00000000
00000010
00000010
00000000
00000000
00001010
10001010
10001010
10001010
10001010
10001010
11001010
01001010
01001000
00001000
00001010
00001010
00001010
00001010
00001010
00001010
00100000
00100000
00100000
00100000
10100000
00100000
00100000
01100000
10100000
00100000
00100000
01100000
00101010
00100010
00100000
00100000
00101000
00101000
00101000
00101000
10101000
00101000
00101000
01101000
00101000
10101000
01101000
00101000
00100000
00100010
00101000
00101000
01000000
01000000
01000000
01000000
11000000
01000000
01000000
01000000
01000000
11000000
01100010
01000000
01000010
01101000
01000000
01000000
01001000
00001010
00001010
00001010
10001010
00001010
00001000
00001000
10001000
00001000
01001000
01001000
01001010
01001010
01001000
01001000
01100000
01000010
01000010
01000010
11000010
01000010
00000010
00000010
01100000
01100000
01000010
00001010
01100010
01001010
01100000
01100000
01101000
01000010
01000010
01000010
11000010
01000010
00100010
00100010
01101000
01101000
00101000
01101000
01000010
01100010
01101000
01101000
10000000
10000000
10000000
10000000
10000000
10000000
10000000
10000000
10001010
10000000
10000000
10100010
10001000
10000010
10000000
10000000
01001010
00001010
00001010
00001010
01001010
01001010
01001010
01001010
11001000
11001000
10001010
10001010
11001010
11001010
11001010
11001010
11100000
00100000
00100000
00100000
10100000
10100000
10100000
11100000
10100000
11000010
10100000
11000010
11100010
11100010
11100000
11100000
11101000
00101000
00101000
00101000
10101000
10101000
10101000
11101000
10101000
11100010
11101000
10101000
11100000
11100010
11101000
11101000
01000000
01000000
01000000
01000000
01000000
01000000
11000000
11000000
01001010
11100010
11000000
11100010
11001000
11000010
11000000
11000000
00001010
00001000
00001000
00001000
00001000
00001000
10001010
10001010
00001000
10001000
11001000
11001010
10001010
10001010
10001010
10001010
01000010
01000010
01000010
01000010
01000010
01000010
10000010
10000010
10100000
10000010
11000010
10000010
10101000
10001000
10000010
10000010
01000010
11101000
11101000
11101000
11101000
11101000
00100010
00100010
10100010
10000010
10101000
11101000
00100000
00100010
00100010
00100010
00000000
00000000
00000000
00000000
10001010
00100010
00000000
10100010
00001010
00000000
00100010
00100010
10001000
00000010
00000000
00000000
11001010
11001000
00001010
00001010
11001000
11001000
11001010
11001000
01001000
01001000
10001010
10001010
11001010
11001010
11001010
11001010
00100000
00100000
00100000
00100000
11000010
10000010
00100000
10000010
10100000
01000010
10000010
11000010
00100010
00100010
00100000
00100000
00101000
00100010
00101000
00101000
01100010
10000010
00101000
10000010
00101000
01000010
01101000
00101000
00100000
00100010
00101000
00101000
01000000
01000000
01000000
01000000
01001010
01000000
11000000
01000000
11001010
01100010
01000000
01100010
01001000
01000010
01000000
01000000
00001010
00001000
00001000
00001000
00001000
00001000
10001000
00001010
10001000
00001000
01001000
01001010
00001010
00001010
00001010
00001010
00000010
00000010
00100000
00100000
00000010
01000010
11000010
00000010
00100000
00000010
01000010
00000010
00101000
00001000
00000010
00000010
10100010
00101000
00100010
00100010
00101000
01101000
01101000
10100010
00100010
00000010
00101000
01101000
10100000
10100010
10100010
10100010
00100010
10000000
00100010
00100010
10000000
00100010
00100010
00100010
00000000
00001010
00100010
00100010
00001000
00101000
00100010
00100010
01001000
00001010
01001000
01001000
01001000
01001000
01001000
01001000
01001000
01001000
00001000
00100010
01100010
11000010
01001000
01001000
00000010
00100000
00000010
00000010
00100000
00000010
00000010
00000010
01000010
10100000
00000010
11001010
00000010
10001010
00000010
00000010
00000010
00101000
00000010
00000010
00101000
00000010
00000010
00000010
01000010
00101000
11001010
00000010
00000010
00100010
00000010
00000010
01000000
01000000
01001010
01001010
11000000
01001010
01000000
01000000
01001010
11100010
11000000
11100010
11001000
11000010
11000000
11000000
00001010
00001000
00001000
00001000
10001010
00001000
00001000
00001000
00001000
10001000
11001000
11001010
10001010
10001010
10001010
10001010
01000010
01000010
01100000
01100000
10000010
01100000
01000010
01000010
10100000
10000010
11000010
10000010
10101000
10001000
10000010
10000010
01000010
11101000
01101000
01101000
00100010
01101000
11101000
11101000
10100010
10000010
10101000
11101000
00100000
00100010
00100010
00100010
00100010
